11.0 370.0
11.0 478.0
11.0 627.0
12.0 367.0
12.0 473.0
12.0 554.0
12.0 625.0
12.0 966.0
13.0 372.0
13.0 479.0
13.0 636.0
17.0 369.0
17.0 490.0
17.0 651.0
19.0 369.0
19.0 475.0
19.0 649.0
20.0 365.0
20.0 388.0
20.0 472.0
20.0 552.0
20.0 618.0
20.0 643.0
20.0 875.0
20.0 977.0
24.0 371.0
24.0 476.0
24.0 626.0
24.0 885.0
34.0 367.0
34.0 476.0
34.0 647.0
45.0 367.0
45.0 474.0
45.0 551.0
45.0 625.0
45.0 959.0
49.0 367.0
49.0 392.0
49.0 474.0
49.0 543.0
49.0 614.0
49.0 644.0
83.0 371.0
83.0 478.0
83.0 659.0
84.0 366.0
84.0 473.0
84.0 624.0
85.0 484.0
86.0 372.0
86.0 479.0
86.0 628.0
86.0 880.0
87.0 371.0
87.0 477.0
87.0 641.0
88.0 369.0
88.0 489.0
88.0 647.0
91.0 368.0
91.0 479.0
91.0 648.0
92.0 367.0
92.0 478.0
92.0 642.0
92.0 876.0
94.0 388.0
94.0 651.0
105.0 9.0
105.0 17.0
105.0 22.0
105.0 26.0
105.0 33.0
105.0 38.0
105.0 45.0
105.0 88.0
105.0 99.0
105.0 106.0
105.0 114.0
105.0 119.0
105.0 126.0
105.0 130.0
105.0 154.0
105.0 166.0
105.0 178.0
105.0 186.0
105.0 194.0
105.0 199.0
105.0 203.0
105.0 210.0
105.0 214.0
105.0 221.0
105.0 233.0
105.0 241.0
105.0 253.0
105.0 265.0
105.0 270.0
105.0 281.0
105.0 286.0
105.0 293.0
105.0 298.0
105.0 305.0
105.0 325.0
105.0 334.0
105.0 342.0
105.0 347.0
105.0 351.0
105.0 355.0
105.0 359.0
105.0 363.0
105.0 369.0
105.0 374.0
105.0 381.0
105.0 386.0
105.0 393.0
105.0 401.0
105.0 409.0
105.0 417.0
105.0 429.0
105.0 437.0
105.0 442.0
105.0 449.0
105.0 454.0
105.0 458.0
105.0 462.0
105.0 466.0
105.0 470.0
105.0 474.0
105.0 481.0
105.0 486.0
105.0 497.0
105.0 502.0
105.0 509.0
105.0 517.0
105.0 522.0
105.0 526.0
105.0 530.0
105.0 534.0
105.0 541.0
105.0 546.0
105.0 550.0
105.0 557.0
105.0 565.0
105.0 573.0
105.0 578.0
105.0 585.0
105.0 590.0
105.0 597.0
105.0 602.0
105.0 606.0
105.0 613.0
105.0 618.0
105.0 622.0
105.0 629.0
105.0 634.0
105.0 638.0
105.0 645.0
105.0 653.0
105.0 661.0
105.0 669.0
105.0 677.0
105.0 682.0
105.0 686.0
105.0 690.0
105.0 697.0
105.0 702.0
105.0 709.0
105.0 717.0
105.0 725.0
105.0 730.0
105.0 737.0
105.0 749.0
105.0 754.0
105.0 758.0
105.0 765.0
105.0 770.0
105.0 774.0
105.0 778.0
105.0 782.0
105.0 789.0
105.0 797.0
105.0 805.0
105.0 813.0
105.0 821.0
105.0 829.0
105.0 837.0
105.0 842.0
105.0 849.0
105.0 854.0
105.0 858.0
105.0 865.0
105.0 870.0
105.0 874.0
105.0 881.0
105.0 889.0
105.0 897.0
105.0 909.0
105.0 914.0
105.0 921.0
105.0 926.0
105.0 930.0
105.0 934.0
105.0 941.0
105.0 946.0
105.0 950.0
105.0 954.0
105.0 961.0
105.0 966.0
105.0 973.0
105.0 981.0
105.0 989.0
112.0 367.0
112.0 389.0
112.0 474.0
112.0 548.0
112.0 625.0
112.0 649.0
112.0 872.0
112.0 969.0
120.0 370.0
120.0 476.0
120.0 625.0
120.0 994.0
121.0 395.0
121.0 651.0
122.0 654.0
123.0 374.0
123.0 488.0
123.0 623.0
128.0 373.0
129.0 372.0
129.0 643.0
132.0 367.0
132.0 477.0
132.0 558.0
132.0 623.0
132.0 649.0
132.0 878.0
132.0 977.0
139.0 369.0
139.0 476.0
139.0 626.0
158.0 365.0
158.0 389.0
158.0 472.0
158.0 539.0
158.0 614.0
158.0 644.0
158.0 788.0
158.0 872.0
158.0 977.0
159.0 369.0
159.0 476.0
159.0 626.0
173.0 375.0
173.0 482.0
174.0 370.0
174.0 480.0
176.0 368.0
176.0 476.0
176.0 623.0
178.0 368.0
178.0 476.0
178.0 627.0
178.0 886.0
184.0 372.0
184.0 648.0
185.0 369.0
185.0 475.0
186.0 372.0
186.0 478.0
186.0 642.0
187.0 381.0
187.0 490.0
188.0 367.0
188.0 477.0
193.0 376.0
193.0 652.0
197.0 365.0
197.0 470.0
197.0 635.0
198.0 376.0
198.0 483.0
201.0 648.0
204.0 364.0
204.0 386.0
204.0 471.0
204.0 543.0
204.0 616.0
204.0 642.0
204.0 874.0
204.0 963.0
205.0 373.0
205.0 474.0
205.0 621.0
205.0 969.0
207.0 366.0
207.0 473.0
207.0 626.0
207.0 874.0
211.0 370.0
211.0 480.0
211.0 652.0
212.0 652.0
213.0 364.0
213.0 377.0
213.0 400.0
213.0 470.0
213.0 485.0
213.0 539.0
213.0 608.0
213.0 633.0
213.0 793.0
213.0 862.0
213.0 949.0
214.0 373.0
214.0 656.0
215.0 370.0
215.0 475.0
217.0 369.0
217.0 478.0
217.0 628.0
221.0 381.0
224.0 364.0
224.0 471.0
224.0 543.0
224.0 622.0
224.0 876.0
224.0 967.0
225.0 376.0
225.0 484.0
225.0 642.0
226.0 364.0
227.0 365.0
227.0 472.0
227.0 617.0
227.0 956.0
230.0 370.0
230.0 477.0
230.0 557.0
230.0 635.0
233.0 366.0
233.0 478.0
233.0 625.0
233.0 652.0
233.0 877.0
233.0 979.0
235.0 367.0
235.0 474.0
236.0 367.0
236.0 478.0
236.0 637.0
241.0 371.0
241.0 480.0
241.0 639.0
244.0 375.0
244.0 483.0
244.0 635.0
245.0 365.0
245.0 381.0
245.0 471.0
245.0 539.0
245.0 612.0
245.0 637.0
245.0 792.0
245.0 869.0
245.0 953.0
252.0 364.0
252.0 383.0
252.0 471.0
252.0 540.0
252.0 610.0
252.0 637.0
252.0 788.0
252.0 869.0
252.0 951.0
252.0 993.0
258.0 393.0
259.0 369.0
259.0 398.0
259.0 478.0
259.0 558.0
259.0 624.0
259.0 651.0
259.0 871.0
259.0 977.0
263.0 371.0
263.0 481.0
263.0 645.0
276.0 372.0
295.0 369.0
295.0 485.0
295.0 629.0
296.0 368.0
296.0 478.0
296.0 627.0
296.0 874.0
298.0 390.0
306.0 391.0
306.0 635.0
308.0 356.0
308.0 462.0
308.0 532.0
308.0 604.0
308.0 647.0
308.0 774.0
308.0 835.0
308.0 875.0
308.0 938.0
309.0 641.0
313.0 370.0
313.0 477.0
313.0 555.0
313.0 626.0
313.0 877.0
316.0 364.0
316.0 390.0
316.0 471.0
316.0 539.0
316.0 612.0
316.0 638.0
316.0 870.0
316.0 949.0
317.0 356.0
317.0 462.0
317.0 532.0
317.0 611.0
317.0 700.0
317.0 832.0
317.0 937.0
318.0 367.0
318.0 475.0
318.0 627.0
318.0 874.0
319.0 356.0
319.0 369.0
319.0 405.0
319.0 462.0
319.0 477.0
319.0 531.0
319.0 549.0
319.0 590.0
319.0 614.0
319.0 629.0
319.0 646.0
319.0 705.0
319.0 777.0
319.0 833.0
319.0 862.0
319.0 883.0
319.0 937.0
319.0 964.0
319.0 994.0
320.0 356.0
320.0 368.0
320.0 385.0
320.0 461.0
320.0 475.0
320.0 527.0
320.0 542.0
320.0 558.0
320.0 593.0
320.0 613.0
320.0 631.0
320.0 650.0
320.0 698.0
320.0 775.0
320.0 791.0
320.0 841.0
320.0 866.0
320.0 887.0
320.0 937.0
320.0 958.0
320.0 981.0
322.0 373.0
322.0 481.0
322.0 639.0
323.0 371.0
325.0 367.0
325.0 399.0
325.0 474.0
325.0 628.0
325.0 873.0
326.0 363.0
326.0 382.0
326.0 469.0
326.0 488.0
326.0 539.0
326.0 602.0
326.0 627.0
326.0 645.0
326.0 785.0
326.0 861.0
326.0 950.0
327.0 355.0
327.0 367.0
327.0 383.0
327.0 461.0
327.0 474.0
327.0 528.0
327.0 543.0
327.0 563.0
327.0 601.0
327.0 620.0
327.0 635.0
327.0 654.0
327.0 701.0
327.0 776.0
327.0 803.0
327.0 846.0
327.0 868.0
327.0 894.0
327.0 938.0
327.0 961.0
327.0 989.0
328.0 364.0
328.0 471.0
328.0 654.0
329.0 355.0
329.0 377.0
329.0 461.0
329.0 483.0
329.0 532.0
329.0 558.0
329.0 614.0
329.0 640.0
329.0 699.0
329.0 777.0
329.0 832.0
329.0 875.0
329.0 937.0
329.0 970.0
332.0 651.0
334.0 356.0
334.0 368.0
334.0 386.0
334.0 462.0
334.0 476.0
334.0 529.0
334.0 549.0
334.0 582.0
334.0 610.0
334.0 625.0
334.0 644.0
334.0 660.0
334.0 706.0
334.0 775.0
334.0 834.0
334.0 860.0
334.0 878.0
334.0 935.0
334.0 958.0
334.0 979.0
335.0 365.0
335.0 471.0
335.0 549.0
335.0 621.0
335.0 648.0
335.0 877.0
335.0 971.0
336.0 372.0
336.0 481.0
336.0 654.0
337.0 355.0
337.0 389.0
337.0 461.0
337.0 530.0
337.0 589.0
337.0 624.0
337.0 655.0
337.0 845.0
337.0 933.0
337.0 975.0
343.0 370.0
343.0 486.0
343.0 636.0
345.0 356.0
345.0 462.0
345.0 530.0
345.0 583.0
345.0 628.0
345.0 702.0
345.0 781.0
345.0 861.0
345.0 938.0
347.0 355.0
347.0 387.0
347.0 462.0
347.0 530.0
347.0 554.0
347.0 594.0
347.0 621.0
347.0 654.0
347.0 777.0
347.0 846.0
347.0 874.0
347.0 938.0
347.0 970.0
348.0 364.0
348.0 472.0
348.0 616.0
355.0 361.0
355.0 468.0
355.0 539.0
355.0 617.0
355.0 870.0
356.0 356.0
356.0 374.0
356.0 462.0
356.0 480.0
356.0 531.0
356.0 551.0
356.0 605.0
356.0 626.0
356.0 639.0
356.0 700.0
356.0 784.0
356.0 857.0
356.0 885.0
356.0 938.0
356.0 966.0
356.0 992.0
358.0 356.0
358.0 367.0
358.0 384.0
358.0 461.0
358.0 473.0
358.0 489.0
358.0 531.0
358.0 544.0
358.0 560.0
358.0 593.0
358.0 614.0
358.0 627.0
358.0 639.0
358.0 657.0
358.0 709.0
358.0 776.0
358.0 793.0
358.0 836.0
358.0 860.0
358.0 878.0
358.0 934.0
358.0 953.0
358.0 974.0
359.0 362.0
359.0 469.0
359.0 539.0
359.0 627.0
359.0 873.0
359.0 970.0
366.0 391.0
366.0 640.0
368.0 356.0
368.0 369.0
368.0 385.0
368.0 462.0
368.0 476.0
368.0 527.0
368.0 541.0
368.0 558.0
368.0 590.0
368.0 615.0
368.0 629.0
368.0 641.0
368.0 665.0
368.0 775.0
368.0 795.0
368.0 847.0
368.0 868.0
368.0 887.0
368.0 938.0
368.0 957.0
368.0 977.0
369.0 367.0
373.0 372.0
374.0 388.0
377.0 375.0
377.0 485.0
379.0 372.0
379.0 481.0
379.0 559.0
379.0 632.0
380.0 372.0
380.0 483.0
380.0 629.0
380.0 982.0
381.0 367.0
381.0 476.0
381.0 556.0
381.0 625.0
381.0 877.0
381.0 980.0
382.0 365.0
382.0 393.0
382.0 471.0
382.0 547.0
382.0 620.0
382.0 647.0
382.0 876.0
382.0 964.0
387.0 369.0
387.0 393.0
387.0 477.0
387.0 543.0
387.0 614.0
387.0 647.0
387.0 875.0
387.0 970.0
390.0 371.0
395.0 372.0
395.0 482.0
395.0 653.0
425.0 368.0
425.0 477.0
425.0 651.0
425.0 980.0
426.0 357.0
426.0 463.0
426.0 531.0
426.0 606.0
426.0 641.0
426.0 701.0
426.0 779.0
426.0 835.0
426.0 874.0
426.0 941.0
426.0 986.0
427.0 357.0
427.0 379.0
427.0 463.0
427.0 483.0
427.0 532.0
427.0 566.0
427.0 616.0
427.0 639.0
427.0 699.0
427.0 778.0
427.0 835.0
427.0 867.0
427.0 937.0
428.0 357.0
428.0 378.0
428.0 462.0
428.0 481.0
428.0 532.0
428.0 554.0
428.0 602.0
428.0 627.0
428.0 650.0
428.0 707.0
428.0 779.0
428.0 830.0
428.0 864.0
428.0 935.0
428.0 959.0
435.0 357.0
435.0 392.0
435.0 463.0
435.0 529.0
435.0 558.0
435.0 608.0
435.0 638.0
435.0 702.0
435.0 775.0
435.0 834.0
435.0 867.0
435.0 937.0
435.0 974.0
436.0 356.0
436.0 371.0
436.0 388.0
436.0 462.0
436.0 478.0
436.0 530.0
436.0 547.0
436.0 573.0
436.0 609.0
436.0 628.0
436.0 653.0
436.0 701.0
436.0 775.0
436.0 822.0
436.0 854.0
436.0 876.0
436.0 938.0
436.0 965.0
436.0 993.0
437.0 362.0
437.0 380.0
437.0 470.0
437.0 538.0
437.0 611.0
437.0 645.0
437.0 866.0
437.0 962.0
438.0 356.0
438.0 377.0
438.0 461.0
438.0 483.0
438.0 533.0
438.0 573.0
438.0 611.0
438.0 637.0
438.0 699.0
438.0 775.0
438.0 864.0
438.0 892.0
438.0 940.0
438.0 982.0
439.0 364.0
439.0 471.0
439.0 546.0
439.0 611.0
439.0 652.0
439.0 873.0
439.0 958.0
447.0 363.0
447.0 385.0
447.0 471.0
447.0 546.0
447.0 615.0
447.0 644.0
448.0 355.0
448.0 376.0
448.0 461.0
448.0 481.0
448.0 530.0
448.0 589.0
448.0 623.0
448.0 647.0
448.0 774.0
448.0 833.0
448.0 873.0
448.0 938.0
448.0 974.0
449.0 363.0
449.0 392.0
449.0 476.0
449.0 609.0
449.0 646.0
456.0 356.0
456.0 385.0
456.0 462.0
456.0 482.0
456.0 531.0
456.0 578.0
456.0 610.0
456.0 629.0
456.0 700.0
456.0 775.0
456.0 833.0
456.0 864.0
456.0 936.0
456.0 967.0
456.0 996.0
457.0 364.0
457.0 470.0
457.0 645.0
457.0 955.0
458.0 367.0
459.0 384.0
459.0 644.0
460.0 355.0
460.0 380.0
460.0 461.0
460.0 528.0
460.0 553.0
460.0 609.0
460.0 637.0
460.0 700.0
460.0 785.0
460.0 845.0
460.0 874.0
460.0 937.0
460.0 969.0
462.0 363.0
462.0 379.0
462.0 469.0
462.0 485.0
462.0 538.0
462.0 562.0
462.0 613.0
462.0 631.0
462.0 653.0
462.0 786.0
462.0 865.0
462.0 948.0
462.0 987.0
463.0 357.0
463.0 387.0
463.0 463.0
463.0 531.0
463.0 563.0
463.0 611.0
463.0 636.0
463.0 698.0
463.0 775.0
463.0 835.0
463.0 868.0
463.0 936.0
463.0 972.0
464.0 356.0
464.0 371.0
464.0 397.0
464.0 462.0
464.0 478.0
464.0 531.0
464.0 553.0
464.0 601.0
464.0 622.0
464.0 650.0
464.0 702.0
464.0 778.0
464.0 834.0
464.0 866.0
464.0 934.0
464.0 965.0
465.0 367.0
465.0 476.0
466.0 355.0
466.0 373.0
466.0 461.0
466.0 481.0
466.0 533.0
466.0 557.0
466.0 601.0
466.0 626.0
466.0 701.0
466.0 781.0
466.0 845.0
466.0 879.0
466.0 938.0
466.0 972.0
467.0 362.0
467.0 396.0
467.0 470.0
467.0 557.0
467.0 625.0
467.0 656.0
467.0 871.0
468.0 355.0
468.0 373.0
468.0 389.0
468.0 461.0
468.0 477.0
468.0 529.0
468.0 549.0
468.0 570.0
468.0 607.0
468.0 624.0
468.0 637.0
468.0 656.0
468.0 713.0
468.0 776.0
468.0 828.0
468.0 860.0
468.0 884.0
468.0 936.0
468.0 958.0
468.0 987.0
473.0 364.0
473.0 386.0
473.0 471.0
473.0 541.0
473.0 611.0
473.0 635.0
473.0 867.0
473.0 967.0
474.0 379.0
477.0 355.0
477.0 377.0
477.0 461.0
477.0 529.0
477.0 609.0
477.0 638.0
477.0 785.0
477.0 858.0
477.0 937.0
477.0 976.0
481.0 369.0
481.0 476.0
481.0 626.0
481.0 877.0
481.0 973.0
483.0 482.0
483.0 553.0
483.0 627.0
485.0 356.0
485.0 377.0
485.0 462.0
485.0 483.0
485.0 532.0
485.0 556.0
485.0 606.0
485.0 628.0
485.0 649.0
485.0 774.0
485.0 855.0
485.0 934.0
485.0 972.0
486.0 357.0
486.0 373.0
486.0 393.0
486.0 461.0
486.0 480.0
486.0 529.0
486.0 552.0
486.0 585.0
486.0 616.0
486.0 637.0
486.0 698.0
486.0 778.0
486.0 835.0
486.0 871.0
486.0 937.0
486.0 964.0
487.0 355.0
487.0 375.0
487.0 461.0
487.0 481.0
487.0 530.0
487.0 553.0
487.0 592.0
487.0 617.0
487.0 644.0
487.0 699.0
487.0 774.0
487.0 830.0
487.0 864.0
487.0 934.0
487.0 959.0
488.0 355.0
488.0 384.0
488.0 461.0
488.0 528.0
488.0 554.0
488.0 601.0
488.0 626.0
488.0 652.0
488.0 773.0
488.0 834.0
488.0 868.0
488.0 934.0
488.0 971.0
489.0 388.0
490.0 366.0
490.0 387.0
490.0 473.0
490.0 543.0
490.0 612.0
490.0 640.0
490.0 871.0
490.0 961.0
490.0 996.0
492.0 357.0
492.0 463.0
492.0 531.0
492.0 609.0
492.0 647.0
492.0 778.0
492.0 848.0
492.0 936.0
492.0 988.0
493.0 368.0
493.0 478.0
494.0 356.0
494.0 385.0
494.0 462.0
494.0 530.0
494.0 557.0
494.0 609.0
494.0 638.0
494.0 774.0
494.0 857.0
494.0 935.0
494.0 971.0
499.0 371.0
500.0 648.0
502.0 357.0
502.0 379.0
502.0 463.0
502.0 482.0
502.0 532.0
502.0 559.0
502.0 603.0
502.0 628.0
502.0 650.0
502.0 702.0
502.0 778.0
502.0 840.0
502.0 870.0
502.0 936.0
502.0 968.0
503.0 381.0
503.0 640.0
504.0 357.0
504.0 372.0
504.0 391.0
504.0 463.0
504.0 480.0
504.0 531.0
504.0 553.0
504.0 593.0
504.0 617.0
504.0 635.0
504.0 666.0
504.0 775.0
504.0 823.0
504.0 855.0
504.0 882.0
504.0 939.0
504.0 968.0
505.0 387.0
505.0 622.0
510.0 648.0
511.0 365.0
511.0 389.0
511.0 476.0
511.0 541.0
511.0 613.0
511.0 643.0
511.0 968.0
546.0 364.0
546.0 391.0
546.0 472.0
546.0 541.0
546.0 617.0
546.0 871.0
546.0 965.0
547.0 377.0
547.0 488.0
548.0 394.0
548.0 626.0
549.0 365.0
549.0 472.0
549.0 540.0
549.0 615.0
549.0 874.0
550.0 615.0
557.0 370.0
557.0 475.0
557.0 539.0
557.0 626.0
557.0 782.0
558.0 357.0
558.0 371.0
558.0 400.0
558.0 464.0
558.0 479.0
558.0 532.0
558.0 552.0
558.0 584.0
558.0 612.0
558.0 629.0
558.0 654.0
558.0 705.0
558.0 777.0
558.0 835.0
558.0 867.0
558.0 888.0
558.0 940.0
558.0 972.0
558.0 999.0
559.0 376.0
559.0 483.0
559.0 616.0
565.0 377.0
565.0 488.0
565.0 641.0
567.0 357.0
567.0 370.0
567.0 394.0
567.0 464.0
567.0 478.0
567.0 530.0
567.0 548.0
567.0 570.0
567.0 606.0
567.0 624.0
567.0 645.0
567.0 701.0
567.0 780.0
567.0 836.0
567.0 864.0
567.0 934.0
567.0 957.0
567.0 988.0
568.0 357.0
568.0 380.0
568.0 462.0
568.0 486.0
568.0 534.0
568.0 586.0
568.0 619.0
568.0 646.0
568.0 773.0
568.0 834.0
568.0 869.0
568.0 936.0
568.0 973.0
569.0 356.0
569.0 386.0
569.0 462.0
569.0 483.0
569.0 531.0
569.0 557.0
569.0 605.0
569.0 627.0
569.0 649.0
569.0 781.0
569.0 834.0
569.0 875.0
569.0 943.0
569.0 995.0
570.0 356.0
570.0 378.0
570.0 461.0
570.0 483.0
570.0 531.0
570.0 564.0
570.0 609.0
570.0 634.0
570.0 654.0
570.0 772.0
570.0 837.0
570.0 866.0
570.0 937.0
570.0 973.0
571.0 356.0
571.0 380.0
571.0 461.0
571.0 486.0
571.0 532.0
571.0 570.0
571.0 607.0
571.0 629.0
571.0 650.0
571.0 707.0
571.0 777.0
571.0 838.0
571.0 871.0
571.0 937.0
571.0 971.0
577.0 388.0
578.0 368.0
579.0 356.0
579.0 379.0
579.0 461.0
579.0 482.0
579.0 531.0
579.0 562.0
579.0 608.0
579.0 628.0
579.0 702.0
579.0 780.0
579.0 862.0
579.0 895.0
579.0 947.0
579.0 996.0
580.0 355.0
580.0 373.0
580.0 400.0
580.0 462.0
580.0 479.0
580.0 530.0
580.0 552.0
580.0 594.0
580.0 619.0
580.0 634.0
580.0 655.0
580.0 772.0
580.0 832.0
580.0 867.0
580.0 934.0
580.0 961.0
581.0 355.0
581.0 394.0
581.0 462.0
581.0 530.0
581.0 612.0
581.0 654.0
581.0 774.0
581.0 863.0
581.0 956.0
582.0 382.0
582.0 481.0
582.0 629.0
582.0 655.0
586.0 357.0
586.0 369.0
586.0 396.0
586.0 463.0
586.0 476.0
586.0 530.0
586.0 548.0
586.0 584.0
586.0 607.0
586.0 625.0
586.0 650.0
586.0 703.0
586.0 774.0
586.0 828.0
586.0 855.0
586.0 874.0
586.0 935.0
586.0 958.0
586.0 977.0
588.0 355.0
588.0 461.0
588.0 533.0
588.0 612.0
588.0 829.0
588.0 939.0
589.0 355.0
589.0 373.0
589.0 392.0
589.0 460.0
589.0 476.0
589.0 526.0
589.0 544.0
589.0 569.0
589.0 607.0
589.0 623.0
589.0 639.0
589.0 656.0
589.0 707.0
589.0 776.0
589.0 836.0
589.0 864.0
589.0 887.0
589.0 937.0
589.0 962.0
589.0 993.0
590.0 355.0
590.0 393.0
590.0 461.0
590.0 482.0
590.0 531.0
590.0 554.0
590.0 602.0
590.0 626.0
590.0 655.0
590.0 773.0
590.0 833.0
590.0 865.0
590.0 936.0
590.0 968.0
591.0 355.0
591.0 369.0
591.0 385.0
591.0 460.0
591.0 475.0
591.0 495.0
591.0 534.0
591.0 552.0
591.0 594.0
591.0 614.0
591.0 629.0
591.0 648.0
591.0 698.0
591.0 775.0
591.0 828.0
591.0 857.0
591.0 879.0
591.0 937.0
591.0 962.0
591.0 982.0
594.0 381.0
594.0 488.0
594.0 648.0
596.0 357.0
596.0 370.0
596.0 386.0
596.0 463.0
596.0 478.0
596.0 530.0
596.0 546.0
596.0 576.0
596.0 608.0
596.0 625.0
596.0 645.0
596.0 699.0
596.0 775.0
596.0 828.0
596.0 857.0
596.0 879.0
596.0 936.0
596.0 958.0
596.0 981.0
597.0 375.0
597.0 488.0
598.0 355.0
598.0 461.0
598.0 777.0
599.0 355.0
599.0 532.0
599.0 864.0
600.0 355.0
600.0 375.0
600.0 395.0
600.0 462.0
600.0 480.0
600.0 530.0
600.0 551.0
600.0 571.0
600.0 610.0
600.0 626.0
600.0 644.0
600.0 696.0
600.0 775.0
600.0 821.0
600.0 865.0
600.0 894.0
600.0 940.0
600.0 969.0
601.0 355.0
601.0 460.0
601.0 530.0
601.0 608.0
601.0 793.0
601.0 871.0
601.0 937.0
603.0 369.0
603.0 477.0
603.0 549.0
603.0 617.0
603.0 646.0
603.0 873.0
603.0 993.0
605.0 357.0
605.0 372.0
605.0 393.0
605.0 463.0
605.0 480.0
605.0 530.0
605.0 551.0
605.0 598.0
605.0 623.0
605.0 635.0
605.0 652.0
605.0 776.0
605.0 840.0
605.0 868.0
605.0 898.0
605.0 953.0
605.0 981.0
606.0 355.0
606.0 372.0
606.0 392.0
606.0 462.0
606.0 478.0
606.0 529.0
606.0 547.0
606.0 579.0
606.0 613.0
606.0 630.0
606.0 645.0
606.0 698.0
606.0 778.0
606.0 831.0
606.0 857.0
606.0 880.0
606.0 939.0
606.0 966.0
606.0 990.0
607.0 355.0
607.0 462.0
607.0 530.0
607.0 611.0
607.0 858.0
607.0 936.0
608.0 373.0
609.0 355.0
609.0 372.0
609.0 394.0
609.0 461.0
609.0 479.0
609.0 530.0
609.0 551.0
609.0 582.0
609.0 612.0
609.0 628.0
609.0 650.0
609.0 774.0
609.0 830.0
609.0 861.0
609.0 886.0
609.0 938.0
609.0 968.0
609.0 998.0
611.0 358.0
611.0 387.0
611.0 464.0
611.0 531.0
611.0 556.0
611.0 609.0
611.0 630.0
611.0 703.0
611.0 777.0
611.0 858.0
611.0 936.0
611.0 973.0
612.0 369.0
612.0 479.0
612.0 558.0
612.0 634.0
612.0 987.0
613.0 370.0
613.0 475.0
613.0 535.0
613.0 617.0
613.0 639.0
613.0 785.0
613.0 875.0
613.0 946.0
614.0 356.0
614.0 370.0
614.0 386.0
614.0 461.0
614.0 477.0
614.0 528.0
614.0 544.0
614.0 561.0
614.0 604.0
614.0 622.0
614.0 634.0
614.0 652.0
614.0 698.0
614.0 776.0
614.0 795.0
614.0 845.0
614.0 865.0
614.0 888.0
614.0 938.0
614.0 960.0
614.0 986.0
616.0 355.0
616.0 378.0
616.0 461.0
616.0 485.0
616.0 536.0
616.0 569.0
616.0 612.0
616.0 638.0
616.0 772.0
616.0 834.0
616.0 888.0
616.0 956.0
617.0 355.0
617.0 382.0
617.0 460.0
617.0 489.0
617.0 533.0
617.0 561.0
617.0 596.0
617.0 626.0
617.0 648.0
617.0 702.0
617.0 778.0
617.0 836.0
617.0 872.0
617.0 935.0
617.0 969.0
620.0 357.0
620.0 382.0
620.0 464.0
620.0 489.0
620.0 538.0
620.0 571.0
620.0 609.0
620.0 630.0
620.0 652.0
620.0 773.0
620.0 833.0
620.0 866.0
620.0 936.0
620.0 967.0
621.0 381.0
621.0 482.0
621.0 625.0
621.0 969.0
622.0 364.0
622.0 381.0
622.0 469.0
622.0 542.0
622.0 614.0
622.0 646.0
622.0 865.0
622.0 962.0
624.0 356.0
624.0 378.0
624.0 461.0
624.0 480.0
624.0 529.0
624.0 553.0
624.0 592.0
624.0 620.0
624.0 639.0
624.0 658.0
624.0 707.0
624.0 780.0
624.0 834.0
624.0 871.0
624.0 934.0
624.0 964.0
629.0 384.0
631.0 368.0
631.0 476.0
631.0 645.0
631.0 882.0
632.0 356.0
632.0 377.0
632.0 462.0
632.0 481.0
632.0 531.0
632.0 553.0
632.0 597.0
632.0 621.0
632.0 645.0
632.0 774.0
632.0 844.0
632.0 871.0
632.0 935.0
632.0 966.0
634.0 356.0
634.0 462.0
634.0 532.0
634.0 607.0
634.0 708.0
634.0 795.0
634.0 861.0
634.0 939.0
637.0 395.0
639.0 366.0
639.0 393.0
639.0 473.0
639.0 556.0
639.0 618.0
639.0 649.0
639.0 978.0
640.0 382.0
642.0 357.0
642.0 373.0
642.0 388.0
642.0 463.0
642.0 480.0
642.0 530.0
642.0 548.0
642.0 565.0
642.0 594.0
642.0 616.0
642.0 632.0
642.0 646.0
642.0 669.0
642.0 708.0
642.0 776.0
642.0 831.0
642.0 856.0
642.0 876.0
642.0 936.0
642.0 961.0
642.0 979.0
648.0 372.0
648.0 481.0
648.0 630.0
650.0 358.0
650.0 373.0
650.0 390.0
650.0 464.0
650.0 482.0
650.0 531.0
650.0 551.0
650.0 572.0
650.0 606.0
650.0 627.0
650.0 641.0
650.0 658.0
650.0 706.0
650.0 776.0
650.0 834.0
650.0 865.0
650.0 895.0
650.0 940.0
650.0 966.0
650.0 992.0
669.0 560.0
669.0 631.0
671.0 358.0
671.0 462.0
671.0 531.0
671.0 605.0
671.0 643.0
671.0 774.0
671.0 865.0
671.0 941.0
671.0 993.0
676.0 359.0
676.0 395.0
676.0 478.0
676.0 532.0
676.0 613.0
676.0 641.0
676.0 774.0
676.0 865.0
676.0 965.0
684.0 359.0
684.0 374.0
684.0 465.0
684.0 480.0
684.0 532.0
684.0 549.0
684.0 577.0
684.0 612.0
684.0 628.0
684.0 651.0
684.0 706.0
684.0 779.0
684.0 836.0
684.0 866.0
684.0 891.0
684.0 943.0
684.0 966.0
684.0 995.0
686.0 359.0
686.0 396.0
686.0 466.0
686.0 530.0
686.0 585.0
686.0 623.0
686.0 779.0
686.0 839.0
686.0 874.0
686.0 941.0
686.0 996.0
689.0 356.0
689.0 375.0
689.0 461.0
689.0 480.0
689.0 532.0
689.0 556.0
689.0 604.0
689.0 624.0
689.0 698.0
689.0 776.0
689.0 836.0
689.0 869.0
689.0 936.0
689.0 960.0
697.0 364.0
697.0 380.0
697.0 471.0
697.0 488.0
697.0 541.0
697.0 562.0
697.0 612.0
697.0 635.0
697.0 660.0
697.0 779.0
697.0 855.0
697.0 941.0
697.0 973.0
698.0 356.0
698.0 392.0
698.0 462.0
698.0 481.0
698.0 531.0
698.0 548.0
698.0 588.0
698.0 613.0
698.0 644.0
698.0 697.0
698.0 773.0
698.0 821.0
698.0 860.0
698.0 875.0
698.0 939.0
698.0 957.0
698.0 989.0
705.0 357.0
705.0 377.0
705.0 462.0
705.0 481.0
705.0 532.0
705.0 557.0
705.0 603.0
705.0 628.0
705.0 659.0
705.0 706.0
705.0 779.0
705.0 838.0
705.0 867.0
705.0 936.0
705.0 972.0
707.0 356.0
707.0 370.0
707.0 387.0
707.0 463.0
707.0 478.0
707.0 531.0
707.0 548.0
707.0 566.0
707.0 608.0
707.0 625.0
707.0 647.0
707.0 775.0
707.0 837.0
707.0 869.0
707.0 938.0
707.0 961.0
707.0 992.0
709.0 627.0
710.0 355.0
710.0 460.0
710.0 533.0
710.0 621.0
710.0 775.0
710.0 937.0
714.0 370.0
714.0 479.0
714.0 549.0
714.0 621.0
715.0 357.0
715.0 374.0
715.0 462.0
715.0 479.0
715.0 530.0
715.0 548.0
715.0 585.0
715.0 611.0
715.0 629.0
715.0 649.0
715.0 700.0
715.0 773.0
715.0 828.0
715.0 860.0
715.0 884.0
715.0 942.0
715.0 964.0
716.0 357.0
716.0 461.0
716.0 532.0
716.0 604.0
716.0 649.0
716.0 706.0
716.0 778.0
716.0 834.0
716.0 872.0
716.0 940.0
716.0 989.0
717.0 355.0
717.0 379.0
717.0 461.0
717.0 495.0
717.0 538.0
717.0 603.0
717.0 629.0
717.0 696.0
717.0 789.0
717.0 859.0
717.0 937.0
717.0 978.0
718.0 376.0
718.0 479.0
718.0 558.0
718.0 627.0
718.0 651.0
719.0 355.0
719.0 398.0
719.0 460.0
719.0 487.0
719.0 534.0
719.0 599.0
719.0 623.0
719.0 702.0
719.0 778.0
719.0 852.0
719.0 877.0
719.0 943.0
719.0 976.0
720.0 355.0
720.0 369.0
720.0 384.0
720.0 460.0
720.0 476.0
720.0 527.0
720.0 544.0
720.0 560.0
720.0 591.0
720.0 616.0
720.0 630.0
720.0 645.0
720.0 698.0
720.0 775.0
720.0 831.0
720.0 863.0
720.0 888.0
720.0 937.0
720.0 964.0
720.0 993.0
723.0 376.0
723.0 484.0
723.0 554.0
723.0 630.0
723.0 882.0
724.0 365.0
724.0 472.0
724.0 535.0
724.0 611.0
724.0 782.0
724.0 865.0
724.0 953.0
725.0 357.0
725.0 379.0
725.0 463.0
725.0 487.0
725.0 533.0
725.0 591.0
725.0 620.0
725.0 699.0
725.0 780.0
725.0 860.0
725.0 888.0
725.0 956.0
726.0 371.0
726.0 478.0
726.0 548.0
726.0 621.0
726.0 646.0
726.0 778.0
726.0 847.0
726.0 962.0
727.0 355.0
727.0 371.0
727.0 398.0
727.0 462.0
727.0 479.0
727.0 529.0
727.0 549.0
727.0 590.0
727.0 618.0
727.0 637.0
727.0 698.0
727.0 779.0
727.0 834.0
727.0 872.0
727.0 935.0
727.0 963.0
728.0 355.0
728.0 374.0
728.0 461.0
728.0 479.0
728.0 530.0
728.0 552.0
728.0 607.0
728.0 626.0
728.0 647.0
728.0 772.0
728.0 836.0
728.0 862.0
728.0 936.0
728.0 968.0
729.0 355.0
729.0 459.0
729.0 531.0
729.0 604.0
729.0 636.0
729.0 698.0
729.0 777.0
729.0 838.0
729.0 879.0
729.0 952.0
730.0 11.0
730.0 17.0
730.0 23.0
730.0 27.0
730.0 34.0
730.0 41.0
730.0 53.0
730.0 74.0
730.0 99.0
730.0 111.0
730.0 115.0
730.0 122.0
730.0 130.0
730.0 168.0
730.0 175.0
730.0 190.0
730.0 202.0
730.0 207.0
730.0 218.0
730.0 230.0
730.0 242.0
730.0 254.0
730.0 262.0
730.0 270.0
730.0 281.0
730.0 289.0
730.0 297.0
730.0 309.0
730.0 326.0
730.0 334.0
730.0 342.0
730.0 347.0
730.0 351.0
730.0 355.0
730.0 359.0
730.0 363.0
730.0 369.0
730.0 374.0
730.0 381.0
730.0 386.0
730.0 393.0
730.0 405.0
730.0 435.0
730.0 447.0
730.0 451.0
730.0 458.0
730.0 462.0
730.0 466.0
730.0 473.0
730.0 478.0
730.0 506.0
730.0 518.0
730.0 523.0
730.0 530.0
730.0 534.0
730.0 541.0
730.0 549.0
730.0 561.0
730.0 569.0
730.0 577.0
730.0 585.0
730.0 593.0
730.0 598.0
730.0 605.0
730.0 610.0
730.0 617.0
730.0 622.0
730.0 629.0
730.0 634.0
730.0 641.0
730.0 649.0
730.0 661.0
730.0 682.0
730.0 694.0
730.0 728.0
730.0 743.0
730.0 754.0
730.0 762.0
730.0 774.0
730.0 786.0
730.0 798.0
730.0 810.0
730.0 818.0
730.0 826.0
730.0 834.0
730.0 842.0
730.0 850.0
730.0 855.0
730.0 862.0
730.0 869.0
730.0 877.0
730.0 889.0
730.0 906.0
730.0 918.0
730.0 926.0
730.0 934.0
730.0 942.0
730.0 950.0
730.0 958.0
730.0 966.0
730.0 971.0
730.0 978.0
730.0 985.0
733.0 357.0
733.0 374.0
733.0 461.0
733.0 480.0
733.0 532.0
733.0 552.0
733.0 600.0
733.0 622.0
733.0 642.0
733.0 704.0
733.0 780.0
733.0 835.0
733.0 872.0
733.0 934.0
733.0 971.0
734.0 363.0
734.0 392.0
734.0 469.0
734.0 536.0
734.0 584.0
734.0 618.0
734.0 640.0
734.0 785.0
734.0 863.0
734.0 940.0
734.0 974.0
735.0 635.0
736.0 629.0
737.0 356.0
737.0 374.0
737.0 394.0
737.0 463.0
737.0 481.0
737.0 530.0
737.0 553.0
737.0 590.0
737.0 617.0
737.0 636.0
737.0 696.0
737.0 779.0
737.0 859.0
737.0 935.0
737.0 971.0
738.0 355.0
738.0 387.0
738.0 461.0
738.0 529.0
738.0 579.0
738.0 612.0
738.0 645.0
738.0 703.0
738.0 776.0
738.0 844.0
738.0 872.0
738.0 936.0
738.0 973.0
739.0 359.0
739.0 384.0
739.0 464.0
739.0 486.0
739.0 535.0
739.0 560.0
739.0 602.0
739.0 628.0
739.0 651.0
739.0 706.0
739.0 781.0
739.0 846.0
739.0 874.0
739.0 940.0
739.0 971.0
740.0 358.0
740.0 395.0
740.0 465.0
740.0 531.0
740.0 599.0
740.0 625.0
740.0 785.0
740.0 857.0
740.0 940.0
741.0 357.0
741.0 375.0
741.0 463.0
741.0 480.0
741.0 532.0
741.0 554.0
741.0 608.0
741.0 634.0
741.0 655.0
741.0 781.0
741.0 840.0
741.0 873.0
741.0 939.0
741.0 971.0
742.0 370.0
742.0 462.0
742.0 529.0
742.0 625.0
742.0 652.0
742.0 804.0
742.0 873.0
742.0 963.0
744.0 361.0
744.0 461.0
744.0 535.0
744.0 603.0
744.0 645.0
744.0 708.0
744.0 785.0
744.0 838.0
744.0 873.0
744.0 953.0
745.0 355.0
745.0 461.0
745.0 531.0
745.0 654.0
745.0 939.0
746.0 355.0
746.0 369.0
746.0 384.0
746.0 460.0
746.0 475.0
746.0 527.0
746.0 541.0
746.0 557.0
746.0 602.0
746.0 619.0
746.0 633.0
746.0 650.0
746.0 699.0
746.0 772.0
746.0 794.0
746.0 838.0
746.0 865.0
746.0 884.0
746.0 937.0
746.0 959.0
746.0 979.0
748.0 371.0
748.0 480.0
748.0 549.0
748.0 618.0
748.0 640.0
748.0 871.0
748.0 975.0
749.0 358.0
749.0 373.0
749.0 387.0
749.0 463.0
749.0 479.0
749.0 529.0
749.0 548.0
749.0 584.0
749.0 615.0
749.0 628.0
749.0 642.0
749.0 664.0
749.0 774.0
749.0 824.0
749.0 862.0
749.0 882.0
749.0 940.0
749.0 964.0
749.0 996.0
751.0 356.0
751.0 373.0
751.0 392.0
751.0 462.0
751.0 479.0
751.0 530.0
751.0 552.0
751.0 592.0
751.0 615.0
751.0 638.0
751.0 698.0
751.0 773.0
751.0 830.0
751.0 866.0
751.0 889.0
751.0 939.0
751.0 971.0
752.0 358.0
752.0 378.0
752.0 461.0
752.0 481.0
752.0 531.0
752.0 556.0
752.0 605.0
752.0 631.0
752.0 697.0
752.0 778.0
752.0 845.0
752.0 879.0
752.0 939.0
752.0 972.0
754.0 365.0
754.0 466.0
754.0 552.0
754.0 614.0
754.0 653.0
754.0 780.0
754.0 863.0
754.0 940.0
754.0 982.0
757.0 381.0
757.0 632.0
758.0 651.0
759.0 379.0
759.0 650.0
762.0 357.0
762.0 388.0
762.0 464.0
762.0 529.0
762.0 553.0
762.0 600.0
762.0 634.0
762.0 699.0
762.0 774.0
762.0 832.0
762.0 869.0
762.0 937.0
762.0 970.0
768.0 371.0
768.0 629.0
769.0 360.0
769.0 376.0
769.0 465.0
769.0 482.0
769.0 531.0
769.0 549.0
769.0 576.0
769.0 613.0
769.0 629.0
769.0 650.0
769.0 780.0
769.0 840.0
769.0 867.0
769.0 939.0
769.0 964.0
770.0 365.0
770.0 388.0
770.0 471.0
770.0 530.0
770.0 558.0
770.0 608.0
770.0 629.0
770.0 699.0
770.0 789.0
770.0 863.0
770.0 936.0
770.0 980.0
771.0 357.0
771.0 372.0
771.0 394.0
771.0 463.0
771.0 479.0
771.0 530.0
771.0 548.0
771.0 588.0
771.0 615.0
771.0 629.0
771.0 647.0
771.0 699.0
771.0 774.0
771.0 829.0
771.0 864.0
771.0 897.0
771.0 940.0
771.0 966.0
777.0 359.0
777.0 465.0
777.0 533.0
777.0 610.0
777.0 705.0
777.0 778.0
777.0 890.0
779.0 370.0
779.0 559.0
779.0 635.0
798.0 372.0
798.0 478.0
798.0 558.0
798.0 620.0
798.0 656.0
798.0 878.0
808.0 376.0
808.0 486.0
808.0 627.0
809.0 380.0
809.0 482.0
809.0 632.0
817.0 357.0
817.0 463.0
817.0 531.0
817.0 620.0
817.0 656.0
817.0 773.0
817.0 864.0
817.0 966.0
818.0 483.0
818.0 639.0
820.0 356.0
820.0 461.0
820.0 530.0
820.0 557.0
820.0 604.0
820.0 636.0
820.0 704.0
820.0 779.0
820.0 839.0
820.0 883.0
820.0 939.0
820.0 975.0
821.0 358.0
821.0 465.0
821.0 534.0
821.0 593.0
821.0 626.0
821.0 777.0
821.0 838.0
821.0 939.0
821.0 981.0
828.0 376.0
828.0 488.0
828.0 640.0
829.0 356.0
829.0 376.0
829.0 462.0
829.0 481.0
829.0 530.0
829.0 551.0
829.0 601.0
829.0 624.0
829.0 645.0
829.0 703.0
829.0 783.0
829.0 833.0
829.0 871.0
829.0 945.0
829.0 989.0
830.0 364.0
830.0 470.0
830.0 539.0
830.0 614.0
830.0 873.0
830.0 985.0
831.0 367.0
831.0 472.0
831.0 610.0
831.0 871.0
831.0 964.0
832.0 367.0
832.0 484.0
832.0 628.0
833.0 355.0
833.0 461.0
833.0 532.0
833.0 596.0
833.0 699.0
833.0 776.0
833.0 838.0
833.0 937.0
838.0 357.0
838.0 462.0
838.0 530.0
838.0 575.0
838.0 616.0
838.0 653.0
838.0 706.0
838.0 778.0
838.0 838.0
838.0 874.0
838.0 939.0
838.0 992.0
840.0 355.0
840.0 376.0
840.0 461.0
840.0 479.0
840.0 532.0
840.0 557.0
840.0 605.0
840.0 625.0
840.0 652.0
840.0 705.0
840.0 776.0
840.0 856.0
840.0 883.0
840.0 939.0
840.0 973.0
841.0 364.0
841.0 401.0
841.0 471.0
841.0 537.0
841.0 614.0
841.0 637.0
841.0 872.0
841.0 978.0
842.0 365.0
842.0 470.0
842.0 537.0
842.0 613.0
842.0 656.0
842.0 870.0
842.0 975.0
843.0 361.0
843.0 380.0
843.0 460.0
843.0 476.0
843.0 527.0
843.0 547.0
843.0 579.0
843.0 610.0
843.0 628.0
843.0 649.0
843.0 777.0
843.0 842.0
843.0 872.0
843.0 939.0
843.0 962.0
843.0 988.0
846.0 377.0
846.0 485.0
846.0 641.0
847.0 356.0
847.0 369.0
847.0 380.0
847.0 463.0
847.0 477.0
847.0 489.0
847.0 533.0
847.0 547.0
847.0 564.0
847.0 604.0
847.0 620.0
847.0 633.0
847.0 647.0
847.0 704.0
847.0 779.0
847.0 839.0
847.0 866.0
847.0 883.0
847.0 938.0
847.0 959.0
847.0 984.0
848.0 356.0
848.0 378.0
848.0 463.0
848.0 487.0
848.0 539.0
848.0 582.0
848.0 617.0
848.0 645.0
848.0 772.0
848.0 839.0
848.0 874.0
848.0 940.0
848.0 978.0
849.0 355.0
849.0 373.0
849.0 461.0
849.0 478.0
849.0 533.0
849.0 554.0
849.0 609.0
849.0 629.0
849.0 656.0
849.0 771.0
849.0 850.0
849.0 875.0
849.0 937.0
849.0 969.0
850.0 357.0
850.0 369.0
850.0 388.0
850.0 462.0
850.0 476.0
850.0 527.0
850.0 541.0
850.0 560.0
850.0 597.0
850.0 614.0
850.0 627.0
850.0 644.0
850.0 667.0
850.0 776.0
850.0 806.0
850.0 849.0
850.0 870.0
850.0 888.0
850.0 941.0
850.0 967.0
850.0 985.0
851.0 380.0
851.0 627.0
852.0 354.0
852.0 375.0
852.0 399.0
852.0 461.0
852.0 483.0
852.0 531.0
852.0 556.0
852.0 594.0
852.0 624.0
852.0 642.0
852.0 698.0
852.0 776.0
852.0 830.0
852.0 863.0
852.0 935.0
852.0 969.0
855.0 358.0
855.0 378.0
855.0 465.0
855.0 531.0
855.0 555.0
855.0 607.0
855.0 629.0
855.0 651.0
855.0 774.0
855.0 834.0
855.0 873.0
855.0 957.0
855.0 999.0
856.0 357.0
856.0 375.0
856.0 399.0
856.0 464.0
856.0 482.0
856.0 532.0
856.0 551.0
856.0 593.0
856.0 620.0
856.0 636.0
856.0 706.0
856.0 781.0
856.0 844.0
856.0 870.0
856.0 937.0
856.0 970.0
857.0 362.0
857.0 382.0
857.0 467.0
857.0 485.0
857.0 534.0
857.0 555.0
857.0 598.0
857.0 620.0
857.0 639.0
857.0 781.0
857.0 851.0
857.0 880.0
857.0 943.0
857.0 971.0
858.0 356.0
858.0 391.0
858.0 462.0
858.0 529.0
858.0 559.0
858.0 603.0
858.0 635.0
858.0 698.0
858.0 773.0
858.0 831.0
858.0 873.0
858.0 938.0
858.0 969.0
859.0 355.0
859.0 382.0
859.0 461.0
859.0 527.0
859.0 573.0
859.0 614.0
859.0 637.0
859.0 771.0
859.0 831.0
859.0 872.0
859.0 957.0
860.0 380.0
860.0 464.0
860.0 528.0
860.0 631.0
860.0 865.0
861.0 356.0
861.0 377.0
861.0 462.0
861.0 481.0
861.0 531.0
861.0 557.0
861.0 605.0
861.0 627.0
861.0 646.0
861.0 705.0
861.0 777.0
861.0 836.0
861.0 870.0
861.0 938.0
861.0 967.0
862.0 354.0
862.0 371.0
862.0 390.0
862.0 460.0
862.0 478.0
862.0 528.0
862.0 548.0
862.0 572.0
862.0 608.0
862.0 628.0
862.0 644.0
862.0 697.0
862.0 775.0
862.0 837.0
862.0 863.0
862.0 936.0
862.0 967.0
864.0 376.0
864.0 480.0
864.0 551.0
864.0 627.0
864.0 786.0
864.0 873.0
866.0 631.0
867.0 356.0
867.0 385.0
867.0 462.0
867.0 529.0
867.0 589.0
867.0 627.0
867.0 698.0
867.0 777.0
867.0 837.0
867.0 875.0
867.0 942.0
867.0 973.0
869.0 356.0
869.0 376.0
869.0 460.0
869.0 478.0
869.0 529.0
869.0 547.0
869.0 581.0
869.0 612.0
869.0 629.0
869.0 651.0
869.0 704.0
869.0 777.0
869.0 835.0
869.0 867.0
869.0 937.0
869.0 961.0
870.0 19.0
870.0 33.0
870.0 50.0
870.0 91.0
870.0 98.0
870.0 106.0
870.0 110.0
870.0 120.0
870.0 128.0
870.0 134.0
870.0 189.0
870.0 204.0
870.0 217.0
870.0 236.0
870.0 772.0
870.0 788.0
870.0 837.0
870.0 862.0
870.0 880.0
870.0 936.0
870.0 955.0
870.0 975.0
872.0 113.0
872.0 128.0
872.0 221.0
873.0 26.0
873.0 100.0
873.0 108.0
873.0 118.0
873.0 126.0
873.0 141.0
873.0 214.0
873.0 796.0
873.0 868.0
873.0 957.0
874.0 22.0
874.0 42.0
874.0 86.0
874.0 100.0
874.0 110.0
874.0 117.0
874.0 129.0
874.0 141.0
874.0 186.0
874.0 207.0
874.0 224.0
874.0 773.0
874.0 830.0
874.0 869.0
874.0 897.0
874.0 951.0
874.0 982.0
875.0 17.0
875.0 35.0
875.0 68.0
875.0 99.0
875.0 100.0
875.0 115.0
875.0 118.0
875.0 137.0
875.0 138.0
875.0 196.0
875.0 206.0
875.0 223.0
875.0 780.0
875.0 838.0
875.0 872.0
875.0 937.0
875.0 967.0
876.0 15.0
876.0 40.0
876.0 92.0
876.0 107.0
876.0 114.0
876.0 137.0
876.0 184.0
876.0 206.0
876.0 782.0
876.0 857.0
876.0 887.0
876.0 947.0
876.0 989.0
877.0 17.0
877.0 29.0
877.0 45.0
877.0 80.0
877.0 98.0
877.0 98.0
877.0 110.0
877.0 112.0
877.0 124.0
877.0 124.0
877.0 138.0
877.0 189.0
877.0 204.0
877.0 216.0
877.0 229.0
877.0 771.0
877.0 788.0
877.0 832.0
877.0 855.0
877.0 871.0
877.0 892.0
877.0 937.0
877.0 954.0
877.0 972.0
877.0 997.0
878.0 25.0
878.0 44.0
878.0 95.0
878.0 106.0
878.0 112.0
878.0 125.0
878.0 129.0
878.0 145.0
878.0 212.0
878.0 230.0
878.0 782.0
878.0 862.0
878.0 952.0
878.0 977.0
879.0 26.0
879.0 45.0
879.0 98.0
879.0 108.0
879.0 115.0
879.0 122.0
879.0 136.0
879.0 213.0
879.0 230.0
879.0 785.0
879.0 857.0
879.0 884.0
879.0 957.0
880.0 37.0
880.0 109.0
880.0 113.0
880.0 136.0
880.0 221.0
880.0 875.0
880.0 982.0
881.0 35.0
881.0 105.0
881.0 113.0
881.0 125.0
881.0 224.0
881.0 869.0
882.0 112.0
882.0 118.0
882.0 223.0
883.0 16.0
883.0 36.0
883.0 63.0
883.0 101.0
883.0 103.0
883.0 117.0
883.0 121.0
883.0 142.0
883.0 206.0
883.0 225.0
883.0 775.0
883.0 860.0
883.0 883.0
883.0 940.0
883.0 971.0
884.0 15.0
884.0 34.0
884.0 59.0
884.0 96.0
884.0 100.0
884.0 113.0
884.0 116.0
884.0 128.0
884.0 133.0
884.0 186.0
884.0 206.0
884.0 223.0
884.0 778.0
884.0 836.0
884.0 871.0
884.0 933.0
884.0 958.0
884.0 991.0
885.0 17.0
885.0 99.0
885.0 115.0
885.0 204.0
885.0 937.0
886.0 17.0
886.0 34.0
886.0 67.0
886.0 95.0
886.0 99.0
886.0 113.0
886.0 116.0
886.0 132.0
886.0 141.0
886.0 190.0
886.0 205.0
886.0 219.0
886.0 775.0
886.0 828.0
886.0 852.0
886.0 880.0
886.0 938.0
886.0 960.0
886.0 990.0
889.0 121.0
891.0 17.0
891.0 33.0
891.0 49.0
891.0 87.0
891.0 100.0
891.0 105.0
891.0 113.0
891.0 118.0
891.0 126.0
891.0 132.0
891.0 187.0
891.0 206.0
891.0 221.0
891.0 776.0
891.0 832.0
891.0 861.0
891.0 881.0
891.0 938.0
891.0 962.0
891.0 983.0
892.0 22.0
892.0 45.0
892.0 101.0
892.0 113.0
892.0 131.0
892.0 217.0
892.0 780.0
892.0 868.0
892.0 942.0
892.0 978.0
893.0 18.0
893.0 29.0
893.0 43.0
893.0 69.0
893.0 98.0
893.0 100.0
893.0 110.0
893.0 111.0
893.0 121.0
893.0 123.0
893.0 137.0
893.0 145.0
893.0 186.0
893.0 206.0
893.0 220.0
893.0 231.0
893.0 772.0
893.0 789.0
893.0 839.0
893.0 862.0
893.0 879.0
893.0 934.0
893.0 955.0
893.0 972.0
893.0 996.0
894.0 19.0
894.0 100.0
894.0 101.0
894.0 135.0
894.0 206.0
894.0 772.0
894.0 936.0
895.0 16.0
895.0 33.0
895.0 50.0
895.0 86.0
895.0 99.0
895.0 104.0
895.0 114.0
895.0 116.0
895.0 131.0
895.0 133.0
895.0 154.0
895.0 207.0
895.0 221.0
895.0 770.0
895.0 792.0
895.0 839.0
895.0 866.0
895.0 886.0
895.0 938.0
895.0 958.0
895.0 980.0
902.0 380.0
902.0 485.0
902.0 552.0
902.0 624.0
903.0 358.0
903.0 371.0
903.0 395.0
903.0 464.0
903.0 479.0
903.0 530.0
903.0 546.0
903.0 574.0
903.0 605.0
903.0 622.0
903.0 638.0
903.0 700.0
903.0 777.0
903.0 834.0
903.0 864.0
903.0 888.0
903.0 940.0
903.0 963.0
903.0 990.0
908.0 374.0
908.0 638.0
932.0 646.0
943.0 649.0
952.0 377.0
952.0 484.0
952.0 561.0
952.0 632.0
954.0 356.0
954.0 374.0
954.0 462.0
954.0 481.0
954.0 531.0
954.0 552.0
954.0 603.0
954.0 623.0
954.0 645.0
954.0 699.0
954.0 778.0
954.0 839.0
954.0 868.0
954.0 938.0
954.0 970.0
959.0 634.0
961.0 356.0
961.0 376.0
961.0 463.0
961.0 484.0
961.0 532.0
961.0 557.0
961.0 605.0
961.0 626.0
961.0 654.0
961.0 712.0
961.0 783.0
961.0 862.0
961.0 886.0
961.0 941.0
961.0 975.0
964.0 355.0
964.0 373.0
964.0 461.0
964.0 481.0
964.0 533.0
964.0 574.0
964.0 607.0
964.0 627.0
964.0 698.0
964.0 773.0
964.0 838.0
964.0 867.0
964.0 937.0
964.0 966.0
968.0 650.0
969.0 371.0
969.0 485.0
969.0 552.0
969.0 621.0
971.0 356.0
971.0 463.0
971.0 530.0
971.0 591.0
971.0 632.0
971.0 776.0
971.0 833.0
971.0 883.0
971.0 972.0
973.0 356.0
973.0 382.0
973.0 462.0
973.0 480.0
973.0 531.0
973.0 557.0
973.0 605.0
973.0 625.0
973.0 699.0
973.0 774.0
973.0 840.0
973.0 873.0
973.0 940.0
973.0 973.0
974.0 359.0
974.0 462.0
974.0 494.0
974.0 536.0
974.0 581.0
974.0 625.0
974.0 648.0
974.0 781.0
974.0 838.0
974.0 961.0
975.0 355.0
975.0 400.0
975.0 465.0
975.0 532.0
975.0 608.0
975.0 773.0
975.0 838.0
975.0 879.0
975.0 962.0
982.0 356.0
982.0 380.0
982.0 462.0
982.0 486.0
982.0 541.0
982.0 582.0
982.0 615.0
982.0 641.0
982.0 770.0
982.0 846.0
982.0 938.0
982.0 975.0
983.0 355.0
983.0 381.0
983.0 461.0
983.0 527.0
983.0 548.0
983.0 604.0
983.0 626.0
983.0 652.0
983.0 782.0
983.0 861.0
983.0 939.0
983.0 982.0
984.0 355.0
984.0 372.0
984.0 461.0
984.0 479.0
984.0 530.0
984.0 553.0
984.0 589.0
984.0 614.0
984.0 645.0
984.0 701.0
984.0 773.0
984.0 830.0
984.0 865.0
984.0 892.0
984.0 941.0
984.0 969.0
985.0 354.0
985.0 381.0
985.0 460.0
985.0 486.0
985.0 532.0
985.0 574.0
985.0 614.0
985.0 644.0
985.0 698.0
985.0 822.0
985.0 869.0
985.0 937.0
985.0 971.0
986.0 354.0
986.0 379.0
986.0 461.0
986.0 486.0
986.0 533.0
986.0 597.0
986.0 623.0
986.0 649.0
986.0 772.0
986.0 836.0
986.0 872.0
986.0 937.0
986.0 969.0
990.0 636.0
992.0 633.0
993.0 354.0
993.0 391.0
993.0 461.0
993.0 525.0
993.0 553.0
993.0 613.0
993.0 646.0
993.0 699.0
993.0 790.0
993.0 860.0
993.0 938.0
993.0 976.0
994.0 357.0
994.0 393.0
994.0 462.0
994.0 530.0
994.0 601.0
994.0 629.0
994.0 710.0
994.0 789.0
994.0 865.0
994.0 938.0
994.0 970.0
997.0 640.0
998.0 632.0
1000.0 356.0
1000.0 377.0
1000.0 462.0
1000.0 484.0
1000.0 533.0
1000.0 557.0
1000.0 606.0
1000.0 630.0
1000.0 698.0
1000.0 774.0
1000.0 833.0
1000.0 866.0
1000.0 938.0
1000.0 970.0
1001.0 355.0
1001.0 461.0
1001.0 529.0
1001.0 559.0
1001.0 608.0
1001.0 633.0
1001.0 777.0
1001.0 852.0
1001.0 939.0
1002.0 355.0
1002.0 461.0
1002.0 529.0
1002.0 602.0
1002.0 628.0
1002.0 772.0
1002.0 872.0
1002.0 937.0
1003.0 354.0
1003.0 392.0
1003.0 461.0
1003.0 529.0
1003.0 596.0
1003.0 636.0
1003.0 700.0
1003.0 778.0
1003.0 836.0
1003.0 872.0
1003.0 937.0
1003.0 974.0
1004.0 355.0
1004.0 461.0
1004.0 533.0
1004.0 613.0
1004.0 700.0
1004.0 864.0
1004.0 939.0
1007.0 366.0
1007.0 477.0
1007.0 544.0
1007.0 617.0
1007.0 644.0
1007.0 876.0
1007.0 987.0
1009.0 357.0
1009.0 377.0
1009.0 463.0
1009.0 483.0
1009.0 532.0
1009.0 555.0
1009.0 598.0
1009.0 625.0
1009.0 647.0
1009.0 702.0
1009.0 775.0
1009.0 832.0
1009.0 863.0
1009.0 938.0
1009.0 967.0
1009.0 993.0
1010.0 356.0
1010.0 371.0
1010.0 384.0
1010.0 462.0
1010.0 478.0
1010.0 492.0
1010.0 533.0
1010.0 549.0
1010.0 582.0
1010.0 610.0
1010.0 625.0
1010.0 639.0
1010.0 661.0
1010.0 770.0
1010.0 796.0
1010.0 842.0
1010.0 868.0
1010.0 886.0
1010.0 939.0
1010.0 963.0
1010.0 988.0
1011.0 383.0
1012.0 355.0
1012.0 372.0
1012.0 391.0
1012.0 462.0
1012.0 480.0
1012.0 529.0
1012.0 549.0
1012.0 574.0
1012.0 608.0
1012.0 627.0
1012.0 647.0
1012.0 711.0
1012.0 779.0
1012.0 829.0
1012.0 862.0
1012.0 885.0
1012.0 941.0
1012.0 969.0
1013.0 362.0
1013.0 468.0
1013.0 536.0
1013.0 615.0
1013.0 862.0
1013.0 949.0
1014.0 355.0
1014.0 461.0
1014.0 530.0
1014.0 610.0
1014.0 655.0
1014.0 770.0
1014.0 861.0
1014.0 939.0
1014.0 975.0
1019.0 480.0
1019.0 616.0
1020.0 366.0
1020.0 393.0
1020.0 473.0
1020.0 543.0
1020.0 618.0
1020.0 638.0
1020.0 881.0
1020.0 975.0
1021.0 355.0
1021.0 461.0
1021.0 531.0
1021.0 583.0
1021.0 620.0
1021.0 654.0
1021.0 772.0
1021.0 856.0
1021.0 937.0
1022.0 364.0
1022.0 470.0
1022.0 537.0
1022.0 609.0
1022.0 637.0
1022.0 858.0
1022.0 950.0
1025.0 373.0
1025.0 483.0
1025.0 557.0
1025.0 626.0
1027.0 366.0
1027.0 480.0
1027.0 547.0
1027.0 616.0
1027.0 639.0
1027.0 872.0
1028.0 356.0
1028.0 381.0
1028.0 463.0
1028.0 489.0
1028.0 534.0
1028.0 566.0
1028.0 609.0
1028.0 637.0
1028.0 657.0
1028.0 705.0
1028.0 779.0
1028.0 837.0
1028.0 869.0
1028.0 943.0
1028.0 976.0
1029.0 379.0
1029.0 490.0
1029.0 623.0
1030.0 356.0
1030.0 394.0
1030.0 477.0
1030.0 542.0
1030.0 610.0
1030.0 642.0
1030.0 773.0
1030.0 862.0
1030.0 939.0
1031.0 646.0
1036.0 369.0
1036.0 479.0
1036.0 548.0
1036.0 624.0
1036.0 999.0
1043.0 383.0
1043.0 488.0
1043.0 560.0
1043.0 625.0
1043.0 651.0
1052.0 374.0
1052.0 484.0
1052.0 551.0
1052.0 627.0
1054.0 383.0
1054.0 563.0
1054.0 633.0
1067.0 885.0
1077.0 548.0
1077.0 623.0
1077.0 878.0
1078.0 376.0
1078.0 484.0
1078.0 619.0
1078.0 885.0
1084.0 547.0
1084.0 624.0
1084.0 884.0
1086.0 370.0
1086.0 479.0
1086.0 541.0
1086.0 616.0
1086.0 639.0
1086.0 874.0
1104.0 488.0
1104.0 620.0
1107.0 626.0
1110.0 355.0
1110.0 394.0
1110.0 462.0
1110.0 529.0
1110.0 558.0
1110.0 607.0
1110.0 631.0
1110.0 773.0
1110.0 857.0
1110.0 938.0
1110.0 989.0
1115.0 356.0
1115.0 379.0
1115.0 461.0
1115.0 479.0
1115.0 532.0
1115.0 554.0
1115.0 596.0
1115.0 618.0
1115.0 645.0
1115.0 701.0
1115.0 780.0
1115.0 831.0
1115.0 866.0
1115.0 886.0
1115.0 941.0
1115.0 970.0
1117.0 366.0
1117.0 476.0
1117.0 539.0
1117.0 611.0
1117.0 637.0
1117.0 872.0
1118.0 552.0
1118.0 652.0
1122.0 370.0
1122.0 478.0
1122.0 550.0
1122.0 624.0
1124.0 356.0
1124.0 379.0
1124.0 462.0
1124.0 484.0
1124.0 530.0
1124.0 556.0
1124.0 603.0
1124.0 625.0
1124.0 645.0
1124.0 698.0
1124.0 773.0
1124.0 833.0
1124.0 867.0
1124.0 938.0
1124.0 969.0
1126.0 371.0
1126.0 478.0
1126.0 547.0
1126.0 620.0
1126.0 884.0
1126.0 990.0
1127.0 355.0
1127.0 395.0
1127.0 462.0
1127.0 483.0
1127.0 533.0
1127.0 601.0
1127.0 629.0
1127.0 699.0
1127.0 774.0
1127.0 859.0
1127.0 938.0
1127.0 975.0
1130.0 634.0
1132.0 633.0
1133.0 622.0
1134.0 633.0
1135.0 366.0
1135.0 473.0
1135.0 539.0
1135.0 613.0
1135.0 652.0
1135.0 865.0
1135.0 969.0
1136.0 361.0
1136.0 377.0
1136.0 461.0
1136.0 481.0
1136.0 529.0
1136.0 549.0
1136.0 566.0
1136.0 608.0
1136.0 629.0
1136.0 647.0
1136.0 769.0
1136.0 805.0
1136.0 854.0
1136.0 883.0
1136.0 942.0
1136.0 971.0
1137.0 356.0
1137.0 379.0
1137.0 461.0
1137.0 530.0
1137.0 556.0
1137.0 605.0
1137.0 627.0
1137.0 652.0
1137.0 770.0
1137.0 830.0
1137.0 868.0
1137.0 936.0
1137.0 971.0
1142.0 370.0
1142.0 481.0
1142.0 551.0
1142.0 617.0
1142.0 870.0
1144.0 369.0
1145.0 356.0
1145.0 375.0
1145.0 462.0
1145.0 482.0
1145.0 531.0
1145.0 553.0
1145.0 603.0
1145.0 625.0
1145.0 654.0
1145.0 769.0
1145.0 841.0
1145.0 876.0
1145.0 938.0
1145.0 976.0
1146.0 356.0
1146.0 374.0
1146.0 461.0
1146.0 479.0
1146.0 530.0
1146.0 553.0
1146.0 602.0
1146.0 623.0
1146.0 646.0
1146.0 699.0
1146.0 774.0
1146.0 831.0
1146.0 864.0
1146.0 938.0
1146.0 969.0
1146.0 997.0
1147.0 355.0
1147.0 373.0
1147.0 396.0
1147.0 462.0
1147.0 481.0
1147.0 530.0
1147.0 553.0
1147.0 601.0
1147.0 625.0
1147.0 644.0
1147.0 698.0
1147.0 779.0
1147.0 838.0
1147.0 872.0
1147.0 938.0
1147.0 969.0
1148.0 355.0
1148.0 376.0
1148.0 397.0
1148.0 462.0
1148.0 482.0
1148.0 530.0
1148.0 553.0
1148.0 587.0
1148.0 614.0
1148.0 633.0
1148.0 655.0
1148.0 770.0
1148.0 824.0
1148.0 862.0
1148.0 890.0
1148.0 939.0
1148.0 966.0
1153.0 375.0
1153.0 486.0
1153.0 624.0
1154.0 374.0
1154.0 554.0
1154.0 628.0
1155.0 647.0
1157.0 356.0
1157.0 373.0
1157.0 462.0
1157.0 479.0
1157.0 531.0
1157.0 549.0
1157.0 605.0
1157.0 626.0
1157.0 647.0
1157.0 769.0
1157.0 798.0
1157.0 855.0
1157.0 878.0
1157.0 938.0
1157.0 963.0
1158.0 633.0
1164.0 364.0
1164.0 471.0
1164.0 540.0
1164.0 617.0
1164.0 870.0
1164.0 976.0
1170.0 650.0
1177.0 378.0
1177.0 488.0
1177.0 618.0
1180.0 383.0
1180.0 634.0
1185.0 638.0
1205.0 376.0
1205.0 558.0
1205.0 625.0
1206.0 632.0
1213.0 622.0
1216.0 393.0
1216.0 625.0
1221.0 624.0
1232.0 617.0
1233.0 628.0
1234.0 630.0
1241.0 630.0
1242.0 627.0
1243.0 366.0
1243.0 477.0
1243.0 552.0
1243.0 618.0
1244.0 374.0
1244.0 546.0
1244.0 622.0
1251.0 366.0
1251.0 473.0
1251.0 543.0
1251.0 615.0
1251.0 647.0
1251.0 868.0
1251.0 978.0
1262.0 364.0
1262.0 472.0
1262.0 539.0
1262.0 616.0
1262.0 868.0
1270.0 636.0
1271.0 368.0
1271.0 473.0
1271.0 548.0
1271.0 615.0
1271.0 883.0
1271.0 979.0
1272.0 375.0
1272.0 489.0
1272.0 623.0
1272.0 653.0
1273.0 616.0
1281.0 382.0
1281.0 478.0
1281.0 548.0
1281.0 622.0
1281.0 990.0
1282.0 365.0
1282.0 473.0
1282.0 541.0
1282.0 613.0
1282.0 640.0
1282.0 869.0
1282.0 977.0
1288.0 369.0
1288.0 478.0
1288.0 545.0
1288.0 619.0
1288.0 641.0
1288.0 885.0
1295.0 372.0
1295.0 480.0
1295.0 549.0
1295.0 618.0
1295.0 643.0
1301.0 378.0
1322.0 383.0
1322.0 629.0
1331.0 630.0
1336.0 376.0
1336.0 550.0
1336.0 626.0
1338.0 366.0
1338.0 473.0
1338.0 540.0
1338.0 613.0
1338.0 870.0
1340.0 617.0
1346.0 628.0
1351.0 642.0
1352.0 375.0
1352.0 548.0
1352.0 620.0
1352.0 882.0
1353.0 47.0
1353.0 269.0
1353.0 349.0
1353.0 365.0
1353.0 379.0
1353.0 454.0
1353.0 472.0
1353.0 491.0
1353.0 528.0
1353.0 544.0
1353.0 577.0
1353.0 605.0
1353.0 618.0
1353.0 635.0
1353.0 655.0
1353.0 701.0
1353.0 766.0
1353.0 792.0
1353.0 825.0
1353.0 851.0
1353.0 869.0
1353.0 929.0
1353.0 956.0
1353.0 976.0
1353.0 998.0
1354.0 47.0
1354.0 269.0
1354.0 348.0
1354.0 366.0
1354.0 395.0
1354.0 456.0
1354.0 477.0
1354.0 525.0
1354.0 547.0
1354.0 595.0
1354.0 617.0
1354.0 637.0
1354.0 692.0
1354.0 764.0
1354.0 816.0
1354.0 840.0
1354.0 869.0
1354.0 927.0
1354.0 964.0
1354.0 995.0
1363.0 372.0
1363.0 546.0
1363.0 619.0
1365.0 9.0
1365.0 17.0
1365.0 26.0
1365.0 43.0
1365.0 71.0
1365.0 104.0
1365.0 119.0
1365.0 168.0
1365.0 179.0
1365.0 236.0
1365.0 247.0
1365.0 254.0
1365.0 262.0
1365.0 273.0
1365.0 285.0
1365.0 331.0
1365.0 338.0
1365.0 342.0
1365.0 346.0
1365.0 350.0
1365.0 357.0
1365.0 362.0
1365.0 369.0
1365.0 376.0
1365.0 386.0
1365.0 397.0
1365.0 409.0
1365.0 421.0
1365.0 429.0
1365.0 437.0
1365.0 442.0
1365.0 449.0
1365.0 454.0
1365.0 458.0
1365.0 465.0
1365.0 470.0
1365.0 474.0
1365.0 481.0
1365.0 488.0
1365.0 504.0
1365.0 510.0
1365.0 515.0
1365.0 519.0
1365.0 523.0
1365.0 527.0
1365.0 531.0
1365.0 537.0
1365.0 541.0
1365.0 545.0
1365.0 550.0
1365.0 555.0
1365.0 562.0
1365.0 569.0
1365.0 577.0
1365.0 585.0
1365.0 593.0
1365.0 598.0
1365.0 602.0
1365.0 606.0
1365.0 610.0
1365.0 614.0
1365.0 618.0
1365.0 622.0
1365.0 626.0
1365.0 630.0
1365.0 637.0
1365.0 642.0
1365.0 649.0
1365.0 657.0
1365.0 664.0
1365.0 671.0
1365.0 678.0
1365.0 686.0
1365.0 690.0
1365.0 697.0
1365.0 706.0
1365.0 713.0
1365.0 719.0
1365.0 730.0
1365.0 741.0
1365.0 749.0
1365.0 757.0
1365.0 762.0
1365.0 766.0
1365.0 770.0
1365.0 774.0
1365.0 778.0
1365.0 785.0
1365.0 793.0
1365.0 801.0
1365.0 809.0
1365.0 814.0
1365.0 821.0
1365.0 826.0
1365.0 833.0
1365.0 838.0
1365.0 845.0
1365.0 850.0
1365.0 857.0
1365.0 862.0
1365.0 866.0
1365.0 873.0
1365.0 878.0
1365.0 882.0
1365.0 889.0
1365.0 896.0
1365.0 906.0
1365.0 914.0
1365.0 922.0
1365.0 926.0
1365.0 933.0
1365.0 938.0
1365.0 945.0
1365.0 950.0
1365.0 957.0
1365.0 962.0
1365.0 966.0
1365.0 973.0
1365.0 980.0
1365.0 986.0
1365.0 992.0
1372.0 635.0
1378.0 374.0
1378.0 549.0
1378.0 623.0
1383.0 634.0
1388.0 375.0
1388.0 483.0
1388.0 556.0
1388.0 624.0
1390.0 635.0
1391.0 372.0
1391.0 477.0
1391.0 548.0
1391.0 617.0
1391.0 993.0
1392.0 377.0
1392.0 555.0
1392.0 633.0
1397.0 642.0
1399.0 630.0
1403.0 560.0
1403.0 637.0
1404.0 381.0
1404.0 489.0
1404.0 560.0
1404.0 627.0
1427.0 628.0
1429.0 629.0
1434.0 631.0
1435.0 369.0
1435.0 548.0
1435.0 621.0
1442.0 629.0
1448.0 631.0
1450.0 367.0
1450.0 476.0
1450.0 541.0
1450.0 616.0
1450.0 634.0
1450.0 871.0
1450.0 977.0
1460.0 381.0
1460.0 488.0
1460.0 559.0
1460.0 625.0
1462.0 486.0
1462.0 553.0
1462.0 623.0
1462.0 885.0
1466.0 375.0
1466.0 486.0
1466.0 553.0
1466.0 622.0
